Data_260925_0_3 = [ 3.0279898392873976,  	430.88426628590076,  	3.1975009242562153,  	7.556700820643414e-10,  	22.448066137433035,  	439.48515727587346,  	5.914001965240812,  	0.9999998818240021,  	9.885859753033799e-07	]
Data_260925_0_4 = [ 12.070294901724512,  	430.7285118035958,  	3.468023947238496,  	0.19963838437960063,  	79.61905025939528,  	439.6178172176737,  	6.138391097648472,  	0.9999999954618347,  	5.671585867617068e-08	]
Data_260925_0_5 = [ 27.291198346396094,  	430.5809038730457,  	3.3658147020748626,  	7.92651302927716e-08,  	221.77557276997095,  	439.43738953922957,  	7.389895700693712,  	0.8804268118837988,  	7.453926365030838e-10	]
Data_260925_0_6 = [ 40.05761664212789,  	430.3626309954224,  	3.4046825162835246,  	9.887806318165104e-08,  	335.218823582771,  	439.4090615064263,  	7.965852517203919,  	0.8022348257020939,  	3.5846881019097054e-12	]

a0_amplitude  	= [3.0279898392873976, 12.070294901724512, 27.291198346396094, 40.05761664212789]
a0_center   	= [430.88426628590076, 430.7285118035958, 430.5809038730457, 430.3626309954224]
a0_sigma    	= [3.1975009242562153, 3.468023947238496, 3.3658147020748626, 3.4046825162835246]
a0_fraction  	= [7.556700820643414e-10, 0.19963838437960063, 7.92651302927716e-08, 9.887806318165104e-08]
a1_amplitude  	= [22.448066137433035, 79.61905025939528, 221.77557276997095, 335.218823582771]
a1_center   	= [439.48515727587346, 439.6178172176737, 439.43738953922957, 439.4090615064263]
a1_sigma    	= [5.914001965240812, 6.138391097648472, 7.389895700693712, 7.965852517203919]
a1_fraction  	= [0.9999998818240021, 0.9999999954618347, 0.8804268118837988, 0.8022348257020939]
c           	= [9.885859753033799e-07, 5.671585867617068e-08, 7.453926365030838e-10, 3.5846881019097054e-12]
