Data_260922_8_26 = [ 98.14257204382076,  	430.0893418597157,  	4.132147541933527,  	0.2452182051274192,  	-102.05504770975207	]
Data_260923_0_6 = [ 43.11347717461072,  	430.3848096149676,  	2.4768363809233933,  	0.6467179815068376,  	-270.0071307075098	]
Data_260923_0_12 = [ 13.822990435604698,  	437.5711638852876,  	1.8601169670591635,  	0.22987263766452215,  	-91.23732773911966	]
Data_260923_0_21 = [ 94.11436465998686,  	433.5729248333395,  	4.0028888077556,  	0.34158417476296155,  	-142.54153781884375	]
Data_260923_0_28 = [ 62.59527459981481,  	436.13190971734576,  	6.520517093059974,  	0.23026325600347208,  	-96.04445549629294	]
Data_260923_0_33 = [ 24.39168759286121,  	441.4043656932343,  	3.4616217121409267,  	0.12027159474229032,  	-45.114779284162466	]
Data_260923_0_41 = [ 211.6095511474885,  	444.27666611407005,  	6.819950554170946,  	0.22913378204466528,  	-94.84972785800542	]
Data_260923_0_46 = [ 117.74107989426018,  	431.9166285663055,  	5.0556296170323645,  	0.3625977244512639,  	-151.4223571783825	]

a0_amplitude  	= [98.14257204382076, 43.11347717461072, 13.822990435604698, 94.11436465998686, 62.59527459981481, 24.39168759286121, 211.6095511474885, 117.74107989426018]
a0_center   	= [430.0893418597157, 430.3848096149676, 437.5711638852876, 433.5729248333395, 436.13190971734576, 441.4043656932343, 444.27666611407005, 431.9166285663055]
a0_sigma    	= [4.132147541933527, 2.4768363809233933, 1.8601169670591635, 4.0028888077556, 6.520517093059974, 3.4616217121409267, 6.819950554170946, 5.0556296170323645]
slope       	= [0.2452182051274192, 0.6467179815068376, 0.22987263766452215, 0.34158417476296155, 0.23026325600347208, 0.12027159474229032, 0.22913378204466528, 0.3625977244512639]
intercept   	= [-102.05504770975207, -270.0071307075098, -91.23732773911966, -142.54153781884375, -96.04445549629294, -45.114779284162466, -94.84972785800542, -151.4223571783825]
