Data_260813_0_16 = [ 196.49632276209098,  	432.5011830015929,  	6.511530882321981,  	1.0450257156493734	]
Data_260813_0_22 = [ 366.971540628875,  	433.4956054714267,  	12.008652324458588,  	3.347544463849772e-11	]
Data_260813_0_29 = [ 191.66218781825162,  	433.28674304496946,  	6.964401289978541,  	0.5353341265516838	]
Data_260813_0_33 = [ 221.0900324923635,  	434.8417022379382,  	6.487254332347734,  	0.030753633714582174	]
Data_260813_0_42 = [ 181.14748163006382,  	435.49163524985056,  	6.427905500119688,  	1.2082669839748625	]
Data_260813_0_45 = [ 129.01646251878017,  	444.72888709145985,  	13.372860752858632,  	0.3339811602874472	]
Data_260813_0_38 = [ 358.58502204158003,  	439.3851095671372,  	13.174288775006984,  	1.2102051805129577e-08	]

a0_amplitude  	= [196.49632276209098, 366.971540628875, 191.66218781825162, 221.0900324923635, 181.14748163006382, 129.01646251878017, 358.58502204158003]
a0_center   	= [432.5011830015929, 433.4956054714267, 433.28674304496946, 434.8417022379382, 435.49163524985056, 444.72888709145985, 439.3851095671372]
a0_sigma    	= [6.511530882321981, 12.008652324458588, 6.964401289978541, 6.487254332347734, 6.427905500119688, 13.372860752858632, 13.174288775006984]
c           	= [1.0450257156493734, 3.347544463849772e-11, 0.5353341265516838, 0.030753633714582174, 1.2082669839748625, 0.3339811602874472, 1.2102051805129577e-08]
